1770400957099 0.29774 0
1770401297832 0.34129 1
1770401797073 0.36489 2
1770402225007 0.39211 3
1770402542360 0.40851 4
1770402858939 0.43142 5
1770403280516 0.44314 6
1770403724536 0.45112 7
1770404162442 0.4597 8
1770404573162 0.48922 9
1770405004338 0.4996 10
1770405434532 0.50392 11
1770405876272 0.50935 12
1770406179233 0.52435 13
1770406593222 0.5124 14
1770407032849 0.52723 15
1770407469517 0.533 16
1770407889850 0.53558 17
1770408297109 0.54436 18
1770408737157 0.55917 19
1770409169359 0.56015 20
1770409619452 0.57188 21
1770410063789 0.57158 22
1770410516406 0.58331 23
1770410967752 0.5838 24
1770411428708 0.58644 25
1770411891225 0.58906 26
1770412268552 0.58674 27
1770412560074 0.58881 28
1770412923310 0.59539 29
1770413309269 0.60585 30
1770413694739 0.60514 31
1770414080204 0.61093 32
1770414466613 0.61144 33
1770414852845 0.61356 34
1770415239089 0.61818 35
1770415625530 0.62139 36
1770416012028 0.62635 37
1770416397534 0.62872 38
1770416782985 0.62999 39
1770417161866 0.63113 40
1770417539721 0.63407 41
1770417918846 0.63392 42
1770418297269 0.63462 43
1770418674922 0.63779 44
1770419053235 0.64145 45
1770419431885 0.6455 46
1770419810343 0.64601 47
1770420187909 0.64664 48
1770420565734 0.65095 49
1770420590853 0.6305173876626083 49
