1770400957099 0.49645 0
1770401297832 0.54883 1
1770401797073 0.59555 2
1770402225007 0.6262 3
1770402542360 0.63988 4
1770402858939 0.66064 5
1770403280516 0.69036 6
1770403724536 0.68922 7
1770404162442 0.69435 8
1770404573162 0.73945 9
1770405004338 0.75105 10
1770405434532 0.75012 11
1770405876272 0.7691 12
1770406179233 0.77025 13
1770406593222 0.76684 14
1770407032849 0.7816 15
1770407469517 0.79469 16
1770407889850 0.79801 17
1770408297109 0.79983 18
1770408737157 0.81191 19
1770409169359 0.81387 20
1770409619452 0.82343 21
1770410063789 0.82111 22
1770410516406 0.82915 23
1770410967752 0.83266 24
1770411428708 0.844 25
1770411891225 0.83961 26
1770412268552 0.83639 27
1770412560074 0.83867 28
1770412923310 0.84547 29
1770413309269 0.8554 30
1770413694739 0.85372 31
1770414080204 0.85589 32
1770414466613 0.86119 33
1770414852845 0.86115 34
1770415239089 0.8688 35
1770415625530 0.87284 36
1770416012028 0.869 37
1770416397534 0.87984 38
1770416782985 0.87525 39
1770417161866 0.87332 40
1770417539721 0.87333 41
1770417918846 0.87895 42
1770418297269 0.87869 43
1770418674922 0.87616 44
1770419053235 0.88214 45
1770419431885 0.88512 46
1770419810343 0.88585 47
1770420187909 0.88557 48
1770420565734 0.88985 49
1770420590853 0.8721941623061149 49
