1770400957099 0.52301 0
1770401297832 0.65751 1
1770401797073 0.63022 2
1770402225007 0.68409 3
1770402542360 0.74789 4
1770402858939 0.71805 5
1770403280516 0.73626 6
1770403724536 0.71927 7
1770404162442 0.75127 8
1770404573162 0.7803 9
1770405004338 0.80083 10
1770405434532 0.82829 11
1770405876272 0.80821 12
1770406179233 0.83396 13
1770406593222 0.81706 14
1770407032849 0.83104 15
1770407469517 0.81669 16
1770407889850 0.81769 17
1770408297109 0.85029 18
1770408737157 0.85088 19
1770409169359 0.87563 20
1770409619452 0.87409 21
1770410063789 0.84693 22
1770410516406 0.85868 23
1770410967752 0.83979 24
1770411428708 0.88038 25
1770411891225 0.87553 26
1770412268552 0.86084 27
1770412560074 0.85274 28
1770412923310 0.86993 29
1770413309269 0.88879 30
1770413694739 0.8575 31
1770414080204 0.88073 32
1770414466613 0.88571 33
1770414852845 0.89678 34
1770415239089 0.90404 35
1770415625530 0.88717 36
1770416012028 0.88107 37
1770416397534 0.89217 38
1770416782985 0.8825 39
1770417161866 0.88523 40
1770417539721 0.88037 41
1770417918846 0.88679 42
1770418297269 0.87634 43
1770418674922 0.88448 44
1770419053235 0.89928 45
1770419431885 0.87654 46
1770419810343 0.90748 47
1770420187909 0.89172 48
1770420565734 0.90056 49
1770420590853 0.8892823507209802 49
