1770400957099 0.5181 0
1770401297832 0.50158 1
1770401797073 0.5231 2
1770402225007 0.5608 3
1770402542360 0.53922 4
1770402858939 0.59362 5
1770403280516 0.63328 6
1770403724536 0.62469 7
1770404162442 0.63016 8
1770404573162 0.66244 9
1770405004338 0.67109 10
1770405434532 0.65675 11
1770405876272 0.70095 12
1770406179233 0.68048 13
1770406593222 0.67009 14
1770407032849 0.67769 15
1770407469517 0.71258 16
1770407889850 0.71278 17
1770408297109 0.71296 18
1770408737157 0.71337 19
1770409169359 0.71376 20
1770409619452 0.72882 21
1770410063789 0.73679 22
1770410516406 0.74444 23
1770410967752 0.75746 24
1770411428708 0.74467 25
1770411891225 0.73095 26
1770412268552 0.74492 27
1770412560074 0.75087 28
1770412923310 0.76822 29
1770413309269 0.7486 30
1770413694739 0.77153 31
1770414080204 0.77184 32
1770414466613 0.77587 33
1770414852845 0.75133 34
1770415239089 0.76882 35
1770415625530 0.78601 36
1770416012028 0.78562 37
1770416397534 0.78715 38
1770416782985 0.78865 39
1770417161866 0.79014 40
1770417539721 0.79134 41
1770417918846 0.79819 42
1770418297269 0.79965 43
1770418674922 0.79493 44
1770419053235 0.79071 45
1770419431885 0.81196 46
1770419810343 0.79631 47
1770420187909 0.80331 48
1770420565734 0.80339 49
1770420590853 0.7707771361372797 49
